11195
49145
6315
57046
37834
51498
45363
24167
57272
48830
29232
23181
48006
17053
25840
50907
55380
37734
46893
5439
29872
7205
35732
25604
37262
62853
56866
10694
18055
17063
60561
28568
51738
8363
5387
61645
1676
10106
25046
10140
34690
57465
28220
17295
20551
50468
7037
50531
46215
14328
49924
26982
42521
60945
32926
45052
28579
39865
37785
41459
30371
41434
9063
62964
9461
29273
21271
62428
23473
26096
6637
62592
64527
37746
56748
9822
59582
42680
4185
62586
63324
51481
52767
37437
18519
63081
37976
28629
24604
60516
1880
50388
47389
38729
27911
42083
48939
4523
3492
50745
46104
7947
19886
4882
45079
23917
47804
12752
10131
10603
54541
36106
20784
34585
28391
14003
47815
89
38417
31289
61594
49948
8371
968
32767
55362
55846
5964
56213
51703
37911
6520
54274
48968
59531
33563
57970
63042
37126
31056
27365
42621
57684
38399
14582
65493
10431
45586
45975
64631
42506
42918
55325
44680
63579
21735
52434
10444
56575
39502
27522
64314
56944
30411
16177
55354
55262
48267
8663
31247
51402
32610
37278
29101
2308
21748
27959
38179
5771
44229
38498
15447
48801
62806
56639
4877
35376
25088
120
46964
3516
1379
49713
41219
61014
35909
27134
25753
12948
20190
13713
40048
24375
10528
30161
52624
12021
47050
31240
9290
41527
15896
8136
57113
6777
49440
24941
36486
5127
24731
40972
51748
27614
54017
36170
47723
32034
17182
32631
32084
32211
55677
60220
23721
35768
39618
39954
28889
46315
14165
50179
20079
51527
5884
58890
61183
63398
40537
4385
7407
41330
4863
36530
15348
40105
61246
37467
37634
30437
7920
15478
65444
36517
56608
18816
47837
53821
32029
38865
7350
10374
45814
38982
57867
28252
13767
11939
45055
14295
17331
14621
32286
17551
29232
15482
19450
42639
49136
45389
27845
49778
26109
24509
42014
34984
58929
42951
60992
644
11301
42164
50203
44324
50494
49511
58716
14274
41720
39137
40784
23933
4647
16547
23665
31695
33010
18999
15644
43416
58831
44004
2829
54893
37488
12047
1732
31150
36907
11003
40005
42081
20079
62703
50197
41680
4502
8562
49618
31478
46838
7554
41986
26106
46287
51377
46207
17599
51149
8791
18148
5325
13976
12850
40580
39762
35999
37194
8215
4719
57857
10045
37078
20750
21941
13473
44319
2604
2776
53474
4235
46386
26837
58186
61582
197
22988
61500
64973
23508
64011
1726
22353
55456
28718
46105
37394
6780
11852
15743
44842
64559
33659
59041
30593
31087
26708
49708
7538
9559
45818
17051
34747
4345
9752
26784
5478
41883
1062
15718
38017
10551
17342
5027
9641
5722
9408
30654
47319
31286
36586
32529
5300
19307
19356
21735
5547
6496
13266
7055
11349
54748
54184
60644
35108
30876
45937
33320
50313
64418
30386
43964
58381
55945
49344
46949
5708
52354
24546
29959
23827
50877
39131
3787
7969
36736
43007
4151
34245
55294
10334
195
58994
14233
12267
63326
53638
46538
38530
44635
50708
15256
14318
24428
53994
10674
40119
8042
28546
70
33977
30226
45089
2128
26548
33018
18340
65365
23872
24278
62329
5357
40274
51982
23336
63656
11978
28166
51474
7701
34980
15905
40405
50937
12008
32133
61251
20649
23570
6645
24404
58346
58648
64692
7013
9784
61311
51339
57418
17160
8279
35303
22754
25257
24248
31079
47835
61007
32492
31012
62681
19582
29348
53872
25054
47662
22813
43305
56492
43584
52753
60673
21079
31277
37281
27885
62011
5843
27902
20254
45836
23190
35071
7455
48311
60876
9156
61895
1608
26337
13113
6736
2371
26624
29063
44765
16915
53171
6494
42447
33489
32745
10179
41501
7041
14002
58089
64615
1266
56473
7915
8743
37344
8580
56597
35714
29061
20822
28257
63368
52948
47278
55420
61028
7548
30488
25678
24894
16575
8770
40878
40567
32038
33928
51212
18245
27902
7026
15260
59115
38066
53295
51258
46341
22476
61324
13565
47388
54745
22524
21418
22204
34786
36335
1030
29817
32747
16465
33457
15937
39976
19453
59942
37351
19361
31796
9376
42170
8700
54045
33690
26593
10360
46952
31582
47131
56054
54851
30976
59836
5496
10862
44401
50315
59682
28072
56145
23009
43934
14282
31980
13062
26906
25241
57050
25574
50274
37129
24589
59358
55682
18569
56348
63685
49925
10581
11911
34028
20410
64455
47025
38060
27534
27300
13502
62600
57829
409
5279
19234
57025
63944
42103
27576
56963
20615
65206
4978
18029
54509
2232
49935
25149
15129
3287
21667
63948
48973
39143
40754
40119
37479
21838
40303
26080
48165
1364
25360
40301
39206
61598
51693
53775
53815
40396
20265
53755
2845
12642
38396
11607
28763
32994
33404
30553
20524
10779
49298
27881
37621
55538
51964
8166
60749
37922
29044
43265
14675
2607
21664
6208
26945
44299
34843
4417
53561
6955
20332
58716
9667
10788
55205
1530
65069
36772
38408
20045
8576
62456
6442
8211
35151
25506
14279
25766
12839
62952
35546
46464
21940
54028
35377
50811
2385
61520
51110
29830
60591
8279
3947
58707
16923
58820
24692
1064
37993
39675
4121
30127
51363
28254
9477
13448
60093
48311
16533
19158
10196
63020
55327
11804
44350
21220
10898
52001
44322
44587
16290
15084
44739
20318
23944
55538
56617
49514
7824
14682
64006
2753
39291
34053
26456
12864
44081
33800
51220
30714
16649
7904
41484
40364
35042
7926
16540
1907
24769
16498
39882
1356
1593
17885
61810
48726
33584
16960
63873
43651
54653
3172
35257
21683
23095
7578
11522
63412
54448
40127
44188
896
65412
8908
2568
28348
49050
50626
40576
2488
12101
4408
25492
38395
65441
62854
10006
54816
27001
4045
9841
59299
45652
29224
16832
12659
22377
48206
22800
55578
17391
40508
7458
47849
11320
2134
33841
10918
43089
23291
31205
34680
63626
58140
19181
53685
21021
9810
45040
47663
4796
48964
25637
64100
34045
26438
32935
31368
50722
56422
47718
53047
34112
30559
25598
50085
30025
56318
12998
61456
29787
23572
11615
9662
15418
37365
32330
50129
24304
53079
48306
47424
59693
12541
25816
6732
7785
10959
61210
12643
54074
60257
11205
58973
13656
1361
10783
12853
45026
57623
5510
12888
47894
54951
43871
52320
2451
48158
31508
54052
49242
49609
15880
18215
25207
44173
43770
51373
21454
47607
5798
12126
24624
36299
36152
44170
29378
37742
23825
63597
38485
57053
1631
2555
